(47.9, -32) (-30.1, 2) (-11, -21.6) (-25.3, -7) (15, 25.6),
(-2, 37.2) (8.3, -17.1) (38.1, 3) (49.2, 0.6) (-44, 28.3),
(-17.3, 29.4) (36.8, 33.6) (-28.9, 48.7) (38.9, 47.8) (-16.3, -2.6),
(32.1, -25.8) (-10.3, -47.3) (28.3, -4.6),
(-13.5, -16.2) (31.9, 38.1) (21.2, -44.7) (27.9, 30.4),
(4.3, 25.6) (-39.9, -14) (25.6, 43.5),
(47, 16.8) (-9.1, -29.3) (27, -9.2) (5.1, -12),
(46.8, -47.6) (-36, -28) (5.8, 0.4) (28.3, -30) (28.5, 10.6),
(42.4, -11.7) (-44.1, -5.7) (-31.6, -42.5),
(21.7, -23.5) (5.9, -10.6),
(-2.6, 45.3) (29.1, -48.6) (-34.7, 1.8) (23.1, 18.2) (41.2, -7.1),
(32.6, 41.9) (48.6, 15.4) (20.6, -26.7),
(22.4, 3) (-0.8, 28.2) (19.8, 23.1) (42.7, 5.6),
(-44.9, -25.1) (-33.1, -5.8) (20.4, -8) (49, 15.9),
(-20.9, -26.1) (42.7, 24.6),
(14.9, -26) (36.3, 25.9) (48.9, -0.4) (7.6, -38.4),
(-20.8, 23.7) (47.2, 48.5),
(43.5, 10.9) (-46.3, 8.7) (-7.7, -18.7) (34.5, -10.3),
(5.8, 9.3) (-18.3, 9.6),
(-18.3, -17.1) (-0, 47.3) (-20.5, 34.7) (-22.7, 0) (0.7, 47.2),
(47, 22.5) (-13.6, 22.3) (34.4, -12.9),
(-15, -42.1) (-40.5, 26.1),
(43.8, -4.9) (-10.4, 36.3),
(21.5, 2.9) (-10.4, -40.3),
(16.4, -11.2) (36, -11.4) (-20.4, -42.6) (38.4, -8.9) (-23.9, -26.1),
(30.4, 40.3) (48.4, -24.5) (-30, 43.8) (-13.5, -12.2),
(-20.8, -39) (19.8, -18.9),
(-13.7, -1.9) (23, -8.9) (-11.9, 47.2) (-48.6, 49.1) (39.2, -18.1),
(-21.8, -10.3) (-30.7, -8.7) (-42.1, -11.9),
(-32.8, -0.6) (16.2, -27.2) (32, -43) (39.3, 30.9) (-36.9, 45.7),
(9.9, 32.5) (-29, 46) (27.6, -26.9) (-19.2, -34.3),
(2.1, -42.6) (8, 22.6),
(-13, -3.3) (-40.5, 9.9),
(42.4, 12.8) (-11.5, 14.1) (-9.1, 26.5) (30.1, -36.3) (46.5, -39.1),
(-34.4, -20.1) (19.4, 20.5) (23.5, -49.2) (7.3, 0.6),
(-4.7, 24.1) (14.5, 49.1),
(3.8, 41.9) (-38.2, -25.7) (-41.6, -29.6) (-44, -38.9),
(-27.3, 18.3) (30.7, -24.4) (37.2, -22.7) (21, -2.6) (-12.3, 49),
(22.5, -7.3) (-14.4, -43.4) (-47.8, 19.4),
(-22.4, -22.6) (-15, 24.2),
(13, -49.6) (36.5, -46.1) (6.3, -8.3),
(46.2, 12.9) (-34.2, 28.5),
(-36.6, -34) (1.8, 7.3),
(47.5, -39.2) (29.6, 7.6) (-22.5, -13),
(-32.1, 0.9) (18.4, -33.6) (-24.3, -43.6),
(14.9, -13.5) (43.8, -13.6) (-6.5, 33.1) (-21.1, 29.5) (-15.3, -1.2),
(-3.7, -23.2) (-38.2, -5) (-32.7, 31.4) (-35.2, -35.9) (15.4, 5.7),
(-31, 32.8) (-46.8, 38.2) (-5.6, 7.7) (27.3, -28.4),
(-21.8, -27.1) (-17.4, -22.1),
(-19.3, 31.2) (-39.9, 30.6) (33.8, 8.7) (-12.7, 2.8),
(42.6, 2.2) (44.6, 15.4) (36.3, 4.5) (13, -14.9) (-45.4, -13.9),
(-21.3, 13.4) (13.8, 4.5) (-36.6, -13),
(27.4, 22.7) (-18.5, 3.2),
(-41.9, -17.3) (-2.4, -26.9) (-15.5, 30.9),
(42.8, 10.9) (21.7, -13.5) (40.7, 41.7) (-48.1, 4.3),
(13.3, -28.1) (-11.3, -34.4) (36.9, -27.6) (-3.8, 46.1),
(-28.9, -49.8) (2.3, 8.7) (-3.3, -43.2) (20.8, 5.5) (7.3, 32.8),
(-40, 21.4) (5, -28.5) (-33, 34.6),
(28.6, 25.7) (12.1, -32.5) (-9.9, -6.6),
(21.7, -30.9) (6.1, -16.1) (36.7, -23.4) (47.8, -10.7),
(-42.7, -24.1) (-42.7, 23.6) (17, 3.9) (-42.9, -29.3),
(-40.1, 16.3) (-24.3, -9.1) (29.7, 44.3) (-24.8, 19.4) (-15.1, -16),
(19.2, 39.1) (-18.3, 3.4) (-27.1, -13.1) (26.5, -5.3),
(42.9, 39.6) (-35.9, -46.6) (-17.6, -12.2),
(-22.1, 22.5) (46.5, -48.4) (3.2, 7.4) (22, -5.1) (10.3, 36.6),
(47.7, -18.4) (13.2, -35.8) (46.2, -49.1) (-24.1, -23),
(39.3, -26.8) (41.4, 29.6),
(-47.6, -35.7) (3, 4.4) (7.2, 14.3) (27.9, -48),
(32.1, 16.5) (42.4, 17.3) (-12, 24) (0.8, 8) (-24.7, -48.5),
(10, 22) (34.6, 31.5),
(38.8, 21.8) (15.9, 16.4),
(15.5, 31) (20.1, -26.7),
(-9.5, 45.1) (46.5, -25) (12.9, 35.2) (-48.4, -11.6),
(-30.7, -42.4) (24.1, -13.2),
(-29.6, 19.5) (2.2, 4.2) (2, -23.1),
(28.7, -31.2) (-35.9, -10.8),
(-28, -49.1) (49.7, 44.4) (-30.5, 39) (-48.6, 47.7) (7.1, -44.7),
(-11.4, -22.9) (-38.9, -7),
(45.9, 45.8) (35.7, -25.4) (-23.5, -13.6) (16.2, 45.9),
(46.6, -22) (34.2, -20.1) (14.9, -9.6) (15.7, -45.3),
(-27.3, -46.1) (-12, 11.4) (-7, -41.4) (44.1, 0.8),
(15, -49.4) (-43.4, 12.9) (48.7, 16.9) (-1.6, 13.9),
(-16.5, -9.1) (-27.6, -1.3),
(-10, 17.2) (37.7, 40.3) (19.1, 2.2),
(-24, 7.6) (23.5, 38) (47.4, -49.3),
(-33.1, -16.6) (15, -35.8),
(12.8, -48.5) (-44.7, -48.7) (39.6, -3.5) (5.6, -28.4) (-48.4, 29.5),
(39.5, -45) (-18.4, -48.7) (-23.5, -13.9) (-29.7, -28.1),
(40.9, 31.6) (30, 15.3) (-7.6, 24.5),
(3.7, -49.5) (15.3, -0.6) (-3.6, 40.6),
(-49.8, -19.1) (34.6, -45.8) (-3.6, -1) (11.7, 1.6) (49.2, -29.6),
(-23.8, 0.6) (31, -20.7) (-13.1, -25.6) (-0.6, -50) (-22.2, -37.4),
(-42, 48.8) (-42.7, -44.3) (0.3, -40.3) (33.1, -15.5) (-24.9, -27.4),
(27.2, 10.2) (1.1, 19.7) (-41.5, 45.9),
(-10.5, -9.4) (31.6, -37.6) (-24.5, -49.1),
(-34, 2.7) (6.4, -32.8) (42.2, -5.8) (-10.6, -22.6),
(9.6, -29.9) (-3.6, 41.7) (37.4, -2.3),
(35.8, -44.7) (20.7, -11.9) (-8.7, 17.6) (23.3, 15.7),
(23.4, 26.8) (-39.4, 21.1),
(47.3, 28.1) (-0.7, 17.9),
(26, -44) (39.9, -5.1),
(46.3, 31.1) (-25.5, 1.1),
(41.4, -1.3) (-29.3, 41.9) (3.8, -35.4) (-14.5, 34) (12.6, -25.9),
(-5.1, -0.3) (38.2, -21.9) (8.3, -24.9) (-37.2, 36.1),
(-14.4, 0.7) (2.1, -21.1) (6.2, 46.5),
(48.1, 42.6) (10, 7.6) (1.1, 44.9),
(-31.1, 37) (-21.1, 17) (-6, 41.6),
(11, -43.1) (-5.9, 9.4) (30.3, -18.8) (34.6, 42.4),
(38.9, 22.2) (38.2, 20) (40.6, -27) (6.2, -2.9) (-13.1, -16.7),
(0.6, -28.7) (-10.3, 16) (-7, -2.1),
(-38.3, -36.5) (11.8, 10.5) (-24.3, -26.3) (15.9, 29.5) (-8.5, -49.7),
(7.1, -26.1) (-39.1, -35.4) (-22.4, -13.1) (28.9, -41.2) (-20.4, -37.1),
(15.6, -12.1) (7.4, 6.3) (14.8, 17.3) (11.9, -16),
(2.2, -3.6) (-34.9, 9.4),
(0.5, 12.9) (48, -41.7),
(39.2, 28.3) (45.8, 15.8) (-32.2, 30.2) (20.3, 7.4) (-13, -47.7),
(-45.3, -9.7) (32.2, -4),
(-42.2, 17.6) (-41.6, 29.5) (36.1, -48.6),
(9.3, -10.9) (-32, -8.1) (10.6, 14.1),
(26.2, -22) (46.3, 47.6) (-37.6, 28.2) (-14.1, -24.2),
(15.6, 30.7) (22.7, -11.5) (24.4, -24),
(45.1, 32.6) (-3.2, -4.7) (1.7, 46.4),
(-21.9, 23.8) (-11.3, 7.3),
(36.4, -30.5) (-21.7, 4.3) (-19.1, -10.5),
(24.8, -11.9) (-7.1, -46.8) (-12.2, 3.4) (41.9, 11.7) (-23.8, 3),
(-46.5, -28.7) (2.5, 1.5),
(37.7, -46.6) (-17.8, -14.9) (13.1, 25.9) (21.3, 46.8),
(3.2, 27.9) (-39.9, -30.3),
(15.2, 4.4) (4.8, 2.6) (17.8, -23.9) (42.9, 45.1) (-43.6, -22.2),
(-44.1, 20.3) (-2.2, 8.5),
(-16.3, -36.2) (-30.7, -33.3) (19.3, 37.4) (35.3, -6.2),
(21.7, -35.8) (-22.7, 27.5),
(-18.7, 47.4) (2.1, 12.4),
(-18.7, 49.4) (6.4, -45.9) (39.2, -12.4) (-1.4, 24.6) (-22.9, 43.2),
(-16.6, -25.4) (-31.4, 26.4) (4.5, -39.1),
(1, 7.8) (41.2, -4) (0.2, 1.2),
(-43.8, -24.6) (43.5, -44.7) (-5, 1.7) (-2, 49) (25.6, -31.2),
(-43.4, 2.2) (-38.5, -3.3),
(8.8, -11.2) (-12.3, 11.7) (-46.9, 29) (37.1, -15.5) (-33.6, -42),
(-43.9, -3.5) (8.8, -31.4) (4.9, 35.2) (11.6, -6.8),
(-27.5, 47.9) (-49.2, 38) (-43.4, 25.5) (-12.2, 18.8) (36.8, -30.7),
(-1.3, 48.6) (-48.7, -0.5) (-35.8, 41.4) (-20.2, -3.5),
(-48, -43.9) (12.9, -2.8) (44.7, -39) (22.3, -0) (-1, 2.6),
(-21.3, 14.9) (-37.8, 42.6),
(20, -44.1) (-9, 8.3) (42.7, 9.1) (19.7, -6.4),
(46.8, 26.9) (43, -37.8) (-22.5, 27.7),
(3, 13.8) (-3.4, -29.5) (14.5, -4.5) (26.6, -43.5),
(-2.9, 28.4) (-1, 13) (-24.5, 19.7) (28.1, -29.1) (-19.9, -11.6),
(-30.6, -16.9) (13.8, -13.1) (-31.5, -20),
(4.9, 28.5) (28.2, 3.9) (4.9, -7.8),
(9.1, 19.8) (42.3, 11.7) (23.1, 27.2) (-30.8, 40.8),
(16.6, 28) (25.7, -44.9) (11.4, -38.9) (22.1, 17.7),
(31.4, 48.5) (-28.9, -23.3) (-19, 11) (46.9, 47.6) (-8.1, 3.9),
(-3.3, -17.1) (-29.5, 42.5),
(8.7, 36.7) (11.9, -23.2) (-24.7, 6),
(1.7, 12.3) (40.9, 38.5) (45.2, 40.5) (-37.2, -11.4),
(5.6, 31.2) (-23.6, 18.5) (18.2, -32.6),
(-49.9, -12.8) (25.4, -23) (-48, -43.6),
(45.4, 12.9) (-13.5, 41.8) (-13, -25) (37.8, 21.5),
(-24.5, 25.7) (43.5, -39.9) (40.2, 3.1) (-42, -46),
(-49.9, -35.3) (23.9, 20.7) (29.1, -14.9) (-19.5, 0.8) (13.8, -7.2),
(-33.6, -41) (17.9, 38.5) (32.4, -31.5) (-15.7, 12.3),
(43.5, -23.1) (-20.2, -39) (19.1, 9.3) (3.5, 35.9),
(-34, -19.1) (46.5, 41) (-22.7, -32.4),
(-48.6, -13.4) (-24.9, 45.1) (-12.9, -33.4) (22, -18.3) (-33, -13.9),
(4.6, 35.5) (10.6, -45.8) (-9.3, 35.1),
(-35.6, 39.6) (-17.7, 38.1) (-20.8, -20.1),
(-9.6, -9.9) (-32, -8.1),
(26.7, 39.2) (-42.5, -11.7) (-31.3, 1.4),
(-37.6, 27.3) (47.4, -3.3),
(-24.4, 22.6) (-40.3, 47.1) (-0.2, -20.2),
(11.5, 9) (-48.8, 38.5) (-31.9, -27.7),
(13.2, -6.3) (21.7, -32.8) (21.9, -42.9) (11.9, 42) (10.4, -0),
(-23, -1.3) (-8.1, 28) (-19.6, 36.3) (-35.4, 42.1) (-33.8, 39.1),
(37, 35.9) (-30.7, 11.7),
(-16.5, -47.3) (-9.1, 9) (-45.4, -4.3),
(6.2, 34.9) (45, 18.9) (26.8, -31.1),
(7.4, 24) (11, -40.4) (11.5, 35),
(-15.5, -41) (-27.1, -38.9) (33.2, 11.2) (-13.7, 29.3) (29.7, -4.6),
(-11.5, 26.9) (-48.7, 29.7) (-0.6, 1.5) (-44, 26),
(-0.1, 32.2) (5.2, 14.2) (-1.7, 49.8) (28.5, -39.5) (35.7, 21.8),
(16, 47) (8.6, -2.3) (-21.2, -9.7),
(-29.4, -19.3) (19, 7.1) (18.1, 47.3) (-48.5, -5) (11.4, 46.3),
(-49.8, -22.9) (17.9, 18.4) (-26.1, 48.4),
(-23.2, 10.5) (-19.1, 45.2) (6.8, -49.9) (25.8, -17.9),
(22.4, -7.4) (-13.4, 8.4) (-31.2, 3) (17, 22.3),
(6.4, -19) (-38.4, 2.7),
(-30.8, -10.2) (-5.8, -1.5) (-21.3, 31.4) (17.8, -41.5),
(-40.7, 22.9) (-1.2, -30.3) (48.3, 39.3) (33.7, 11.3),
(23.4, 46.5) (-37.1, -17.3) (-47.5, 25.9),
(48.4, -10.2) (-8.8, 24.4) (9.4, -36.8) (11.7, -15.3) (19.9, -24.3),
(34.9, -21.2) (37.1, 2.4) (35.4, 25.1) (-35, 20.3) (-2.3, -18.4),
