(-29.14, -26.88) (6.45, 10.33) (11.02, -27.63) (-40.33, 18.52) (-19.04, -48.53),
(-30.91, -8.31) (1.19, 39.93) (48.57, 14.09) (-35.85, -32.11),
(-29.03, 17.58) (-4, 27.51) (-14.59, 18.12) (-24.48, 47.49) (0.67, 9.37),
(-37.69, 40.97) (-3.12, 3.66) (-28.41, -12.66) (6.28, 39.57) (-0.91, 45.1),
(-1.25, 47.37) (11.77, -47.1) (-44.83, 11.85) (-46.85, -41.31) (23.42, 49.99),
(8.63, 23.89) (46.75, 38.36) (24.94, 29.26) (3.66, 45.26),
(46.63, 19.71) (-1.05, -42.71) (-29.01, -15.37) (-20.9, -29.05) (23.81, -31.99),
(-24.99, -48.61) (-7, 26.18) (48.91, 43.93) (-25.56, 30.18) (38.23, 25.26),
(33.17, 31.04) (-21.42, -7.67) (30.14, 31.9) (-30.13, 35.16),
(-43.96, -47.15) (-13.29, 30.99),
(39.49, 39.73) (49.23, -37.3) (-17.4, -13.13) (31.41, 20.88) (49.47, 9.12),
(7.98, -32.45) (-27.72, 5.52) (-31.05, -44.71) (-2.18, -21.33),
(45.81, -47.2) (-31.77, 12.35) (21.73, 12),
(6.21, -6.93) (28.29, 39.99) (-47.15, 37.25),
(16.57, -2.93) (29.59, 45.05) (-25.72, -1.63) (-43.29, -16.11) (48.1, -28.4),
(-19.21, 0.39) (32.46, -32.2) (32.4, 15.94),
(15.46, 5.67) (48.63, -24.43) (33.94, 18.6) (-44.99, 47.15) (9.8, 0.34),
(-23.84, 49.96) (-31.73, -42.54),
(12.99, 15.74) (-40.85, -41.28) (-25.94, 29.95),
(47.65, -24.48) (0.44, -12.18) (-32.47, -19.92) (29.97, -13.14),
(20.86, -45.42) (6.58, -14.62) (24.02, 35.96) (31.67, 10.45),
(-44.7, -40.28) (35.97, 23.38) (-17.19, 8.65) (-37.15, -26.86) (-29.42, 47.87),
(-25.36, -30.5) (-7.63, -5.35),
(9.12, -13.53) (32.22, 13.37),
(-38.61, 32.35) (-30.23, 10.01) (0.84, 9.28) (19.03, 38.14) (-1.46, 8.53),
(17.22, 42.73) (-0.17, -14.24) (25.03, -20.88) (8.85, -0.66) (-23.16, -3.3),
(-2.4, -17.74) (-16.54, 36.54),
(35.25, -39.08) (-19.42, -37.72),
(0.13, -26.1) (10.87, -16.78),
(3.29, -25.15) (2.96, 9.33) (-4.78, -20.03) (21.58, -45.84),
(8.39, 36.62) (37.35, 49.76) (26.69, -0.38) (-10.11, 29.89),
(4.56, 49.49) (-9.93, 20.87) (-27.35, -8.71) (22.27, 39.49) (27.39, -27.08),
(-17.57, 6.6) (46.03, -43.38) (-8.58, 27.95),
(-5.71, 26.1) (9.79, -18.64) (30.79, 11.08) (15.92, 2.48) (28.19, 23.19),
(48.77, -47.81) (12.59, -49.42) (29.04, 1.36) (-19.82, -39.02),
(31.48, 26.59) (42.3, -9.02) (19.41, 49.87),
(9.71, 16.1) (23.81, 42.33) (14.43, -36.15) (34.71, 48.69) (-32.16, -6.06),
(38.99, 25.76) (41.83, -14.36) (39.33, -37.78) (-19.32, 5.49) (4.95, 32.84),
(-23.01, 39.84) (-26.72, 41.55) (-9.97, -21.2) (-32.6, 9.17) (-30.74, 0.55),
(-7.13, 47.4) (-44.4, -8.54) (28.7, -15.84),
(-13.28, -6.14) (4.9, 49.13) (-34.35, -0.68) (20.93, 41.9),
(-14.43, 2.12) (-9.36, -33.2) (2.83, -8.76),
(32.25, 10.04) (-46.94, 38.64) (-4.75, 37.52) (43.18, -23.41),
(16.04, 46.85) (49.51, -30.99) (-2.91, 36.27) (-13.08, -44.18),
(-20.92, 8.21) (-6.36, -1.16),
(30.02, 18.41) (4.63, -17.91),
(-19.99, -43.23) (49.62, -1.83),
(45.77, 47.6) (-48.47, 46.33) (11.74, 43.52) (-24.97, -4.4),
(-32.33, -25.27) (-34.44, -16.69) (-33, -43.81),
(-6.76, -24.79) (-25.99, -37.21),
(-44.98, 5.67) (40.53, -38.48),
(-7.84, -33.23) (16.54, 20.83),
(-18.91, 48.25) (-33.02, -1.79) (28.81, 12.08) (-13, 5.35),
(-14.37, -35.46) (7.38, -26.59) (-27.38, -19.49) (-38.44, -41.83),
(35.94, -41.22) (19.37, 46.96) (21.53, -29.53) (19.57, -11.11),
(32.59, 40.23) (-6.43, 28.25) (40.26, 23.17) (13.29, -48.73),
(12.23, 25.41) (28.99, 25.64) (31.19, 16.33) (-26.09, -24.05) (-7.65, 9.23),
(4.6, 26.64) (-29.66, -9.5),
(2.88, 24.05) (1.1, 16.55) (19.14, 27.36) (10.28, -29.81) (-33.97, -28.96),
(5.81, 39.37) (-42.13, -49.25),
(-26.38, 32.61) (45.44, 6.65) (14.33, 10.43),
(18.73, 45.96) (-9.19, -12.14),
(-44.71, 38.24) (18.07, -10.43),
(-32.79, 10.04) (25.57, 38.45),
(8.93, 34.96) (-46.64, 3.49) (-39.8, -2.56),
(1.17, -11.53) (27.09, 39.45) (35.07, -24.76) (28.92, -37.78),
(35.07, 45.76) (-32.49, 3.82),
(14.37, -10.78) (-30.52, 31.84) (-37.27, 35.87),
(-3.81, 47.84) (32.07, -3.46) (-27.76, 47.21) (-41.67, -4.49),
(5.25, -47.17) (-38, -17.57) (-42.11, -28.18) (-10.98, -18.25) (-20.56, -28.5),
(-20.13, 47.83) (37.17, 32.96) (11.94, -47.69) (-39.18, 5.77) (-32.59, 9.4),
(5.23, 14.1) (47.03, 32.02) (14.88, -18.91) (33.1, 13.31) (-21.02, -6.14),
(4.59, 5.41) (37.85, -12.01) (33.33, -4.46) (40.81, -17.69),
(-29.01, 45.1) (16.41, -47.25),
(-21.59, -18.05) (-26.86, -20.57) (18.14, 6.2) (18.52, 19.84),
(46.84, -28.33) (-33.13, -44.07) (40.87, 48.47) (28.47, 28.97),
(5.28, -28.32) (-27.43, 47.67) (12.38, -47.3) (47.16, 12.26) (-19.98, -40.8),
(-21.18, -29.59) (46.41, -10.76) (7.97, -8.04) (9.37, 25.19),
(-39.77, 34.42) (21.69, 43.75) (-32.92, -23.25) (46.03, -32.87),
(-24.81, -16.6) (-24.9, 0.04) (41.06, 42.26),
(10.42, -0.77) (-9.94, -0.33) (13.35, 34.09) (5.28, -38.85) (-6.23, -9.36),
(-36.41, 9.21) (14.92, -34.53),
(26.84, 41.61) (21.56, 24.6),
(-11.94, 15.87) (31.2, 14.16) (41.34, 47.26) (-33.99, 0.69),
(30.25, -19.05) (-29.17, -43.79) (-23.97, 44.17) (-45.35, 42.11) (32.84, 29.5),
(4.48, -42.1) (26.96, 18.92) (-5.67, -30.61),
(-46.35, 1.37) (-6.12, 30.93) (22.48, 28.84) (34.79, 45.2),
(-37.44, -17.23) (-17.09, 42.12) (32.53, -42.18) (-10.28, -28.13),
(48.29, -16.25) (-19.82, 31.08) (12.91, -47.55),
(17.6, -21.48) (38.65, -15.82) (24.56, -40.96) (-21.12, -49.96) (-42.64, 5.43),
(13.36, 49.75) (30, -14.6) (-0.18, -2.45) (36.8, -35.97) (30.12, 40.08),
(3.08, -49.02) (29.85, -30.07),
(-20.02, -6.74) (-0.89, -21.34) (-30.4, 10.54) (21.63, 41.94),
(13.69, 45.54) (12.02, 28.92),
(-34, -43.58) (-32.64, -21.58) (31.86, 4.38) (-22.26, 2.56) (-44.38, -14.4),
(7.56, -13.66) (0.07, -20.01) (-19.87, -19.68) (44.38, 2.65) (28.67, -35.57),
(1.7, 19.25) (-40.36, 46.88) (-22.63, 47.92),
(-46.26, 3.82) (36.67, -36.62) (-22.72, -44.28) (12.24, 13.5),
(25.59, -23.14) (6.34, -40.52) (11.67, 48.96),
(6.49, -25.79) (0.6, 46.41) (-13.83, -5.92),
(39.67, 23.02) (-47.8, 1),
(27.98, -24.64) (-30.46, 43.79) (-17.08, 45.26),
(16.74, -22.87) (22, 23.3) (22.21, -12.72),
(40.81, -13.62) (-24.28, 19.01) (-28.86, 36.47),
(47.22, 47.58) (18.63, -28.74) (5.07, -45.27) (-25.74, 24.36),
(-19.88, -23.48) (46.5, -27.1) (4.97, -29.88),
(-13, 15.13) (-3.79, -46.7) (9.48, -44.55) (10.52, 8.61),
(-33.45, 28.82) (-10.54, 34.26) (25.61, 7.27),
(-12.33, 16.98) (0.74, -11.49) (-19.95, 22.4) (-2.19, -47.64) (-19.59, 48.03),
(43.32, -21.03) (-31.31, 10.54) (-39.92, -25.44) (-22.76, -26.93),
(0.18, 49) (46.47, 21.19) (-48.72, -23.1),
(33.9, 10.84) (-16.98, -16.06) (-7.13, 27.83) (40.43, -47.56),
(10.6, 39.43) (-37.54, -5.64) (46.05, -13.89),
(-23.23, 32.93) (21.04, -12.13) (-2.17, -21.36) (-32.59, 40.67) (10.31, -41.43),
(-46.4, -23.77) (-43.66, -28.89) (-36.87, -15.63) (32.08, -44.37),
(0.54, 42.04) (3.97, 4.75) (-6.32, 5.99) (-23.21, 27.35) (-38.21, 16.34),
(-32.08, -22.03) (42.07, 33.98),
(-29.93, -47.8) (37.06, -45.53) (-43.61, -32.89) (1.16, -44.56) (16.33, 19.78),
(-40, 19.39) (26.53, 33.25) (45.47, -34.78),
(-43.11, 36.41) (23.94, 22.83) (-8.72, 22.26) (-47.42, -37.89) (-14.23, -48.31),
(-19.51, 8.35) (19.74, -21.44) (30.48, -25.47) (-41.98, 21.24) (-26.34, -13.49),
(34.25, 45.14) (44.22, 11.1) (-25.21, -26.25),
(-48.18, 12.59) (-29.86, 48.47),
(6.94, 21.85) (30.11, -0.16),
(-9, 49.06) (-34.8, 28.46) (9.06, 18.38),
(-27.79, 28) (49.8, -38.08) (27.4, -40.77) (-20.15, 20.45),
(20.37, 14.6) (-30.57, -24.28) (-45.09, -13.19),
(-6.33, 32.9) (-46.05, -28.93) (8.73, 39.23) (-25.77, 27.46) (7.88, 28.83),
(-8.09, -48.5) (37.12, 45.54) (30.28, 12.45),
(-34.89, -22.2) (16.31, 34.76),
(-20.57, 25.21) (-41.56, -7.91) (8.52, 0.24) (37.1, 10.7),
(-15.46, -41.72) (14.94, 31.53) (34.3, -34.24),
(5.45, 20.29) (34.46, -16.24) (-43.51, -46.65),
(17.72, 0.45) (19.1, 20.1) (40.06, -40.21) (-13.46, 24.94),
(-47.91, -8.99) (-32.43, -30.85) (20.97, -32.15),
(42.09, -6.13) (-35.72, 13.73) (16.78, 26.26) (-35.63, 1.01) (45.36, -36.35),
(-28.42, -3.11) (9.54, -30.94) (27.59, 15.48) (-44.94, 21.38),
(44.74, 41.74) (2.56, -12.15) (26.3, -23.94),
(-32.27, -13.85) (18.02, 41.93),
(-48.2, -4.94) (8.22, -4.91),
(-44.23, 7.39) (34.15, 37.85) (-24.04, -8.68) (-18.53, 45.72) (-22.7, -3.8),
(-19.84, 30.85) (-2.23, -20.51),
(2.52, -10.62) (30.62, 18.1) (-12.34, 11.92),
(49.24, -10.1) (-12.19, -44.4) (21.39, -12.43),
(8.35, 28.62) (-1.91, 35.67) (4.3, 32.88) (13.48, -12.28) (15.93, -34.98),
(44.87, 11.95) (-0.87, -14.5) (-0.27, 10.61) (-31.14, 22.21) (-19.02, 20.15),
(26.64, -2.25) (-24.74, -39.42),
(-25.63, 9.71) (3.28, -25.06) (31.77, -29.37),
(39.38, -5.58) (-1.16, -32.26) (46.21, 20.74) (-21.45, -22.68) (-44.78, 49.94),
(23.82, -23.19) (13.75, -28.61) (17.67, -38.6),
(5.72, -44.83) (-5.59, 6.36) (-49.31, -5.24) (26.07, -13.21) (-13, 46.19),
(-2.6, 27.17) (-35.56, -18.77) (0.45, -20.73) (40.04, 4.84),
(49.44, 9.29) (-28.06, -7.51) (49.47, 43.32),
(-27.72, -21.93) (2.02, -31.58) (45.49, 33.15) (24.42, -31.86) (-18.96, 8.98),
(6.24, -8.11) (-44.51, 40.97) (15.25, -37.96) (27.67, 23.86) (-3.26, 25.01),
(-42.79, -17.88) (2.64, -39.28) (-6.96, -49.34) (-4.38, 48.15) (3.03, 40.21),
(-33.82, 23.16) (4.33, -16.48) (-43.56, -8.8),
(-6.75, 33.07) (32.48, 21.9),
(-39.3, -32.8) (-27.28, -9.84) (-38, -10.02) (-36.25, 22.51) (20.5, -26.81),
(-2.21, -14.22) (49.76, -1.68) (-47.07, -19.3),
(35.89, 16.73) (-37.68, 19.3) (-30.91, 12.69),
(-26.15, 34.63) (-29.95, -33.01),
(-46.51, -46.07) (-19.78, 11.56) (-21.5, -14.19) (30.84, -32.04) (-12.79, -13.54),
(12.28, -48.62) (4.66, -38.38) (-8.79, 41.5) (40.64, 4.37) (-32.98, -33.94),
(-21.55, -33.62) (-18.19, -3.99) (-14.81, -2.55) (36.8, 32.44),
(27.66, -18.36) (-41.32, -44.49) (26.51, 27.98),
(42.78, 11.58) (48.25, -17.28) (-3.65, -3.95) (0.56, 14.79) (-11.17, 0.74),
(41.31, -47.75) (-38.54, -45.35) (-3.31, 22.82),
(-27.16, 11.99) (-21.87, 44.61) (45.38, -49.88) (-21.24, -44.1),
(14.16, 24.62) (-0.85, 24.22),
(42.37, 20.03) (21.57, -18.35) (13.7, -41.09),
(46.53, -22.55) (9.35, 15.13) (27.31, 30.27) (46.81, -39.72) (37.05, -9.07),
(-45.18, -31.43) (-42.22, 15.03) (-4.58, 36.29) (-1.63, -7.4),
(41.15, -21.69) (28.66, -37.28) (-27.57, 3.26) (-43.89, 28.49) (16.16, 41.27),
(-44.34, 14.09) (-29.26, 29.92) (46.98, -48.61) (-36.89, -38.67) (19, 39.3),
(-38.15, 6.39) (-42.73, 20.17) (36.44, 22.37),
(47.82, -42.47) (-47.37, 23.42) (-49.1, -17.68) (26.18, 29.56),
(-8.34, 45.99) (34.54, -42.98) (3.54, -7.07) (43.32, 11.65),
(46, -18.87) (34.07, 16.07),
(-30.61, -29.31) (-20.91, -0.82),
(-30.39, -24.48) (26.77, -15.19) (-17.31, 27.78),
(-20.04, 23.29) (10.92, 48.65) (8.52, -20.87) (-8.47, 18.94),
(12.82, -15.54) (37.33, -47.9) (-27.14, 28.19) (-47.58, 30.54),
(-37.88, -22.27) (-24.12, -41.08) (-40.03, -21.28) (21.65, 37.72),
(-28.63, 34.89) (20.81, -20.48) (7.14, -26.67),
(-25.32, 44.66) (-4.34, 39.32) (-32, -17.69) (44.28, -30.95) (-8.3, 17.57),
(-25.55, 40.82) (46.52, -49.34) (22.98, 0.81) (35.67, 32.49),
(-23.94, 49.43) (24.81, 24.47) (34.15, -36.49) (30.76, -11.51),
(37.36, -1.34) (2.67, 19.39) (14.26, 45.42) (-44.56, -20.31) (-25.52, -40.36),
(43.07, 13.07) (31.95, -42.73) (32.04, -14.69) (17.53, 33.65) (-1.49, 5.65),
(4.5, 50) (31.05, -25.94),
(-1.4, -15.33) (3.4, 3.98) (-38.44, -35.1),
(-0.9, 31.4) (-43, 8.3) (-36.6, -3.6) (-38.1, -20.4) (1.2, 24.6),
(-4.7, -31.2) (26.6, -3.8) (3.2, -3.9) (-34.4, 13.3),
(-48.5, 23.5) (-6.3, -26),
(-49.9, -29.9) (20.1, -40.5),
(-17.6, -17.6) (21.5, -23.2) (-43.5, 29.9) (4.2, 30.8) (35.5, 20.9),
(-30.6, -35.1) (41.6, -47.1) (-42.4, -45.9) (38.8, -5.3),
(28.2, -18.3) (-44.4, 28.4) (-15.5, -0.4) (-34.2, 21.4) (-9.2, -35.9),
(-5.7, 42.3) (-25, 47.3) (-12.7, 37.1) (14.5, 4.3) (9.3, -39.5),
(11.2, 19.3) (-42, -40.9) (-23.3, -13.8) (28.7, -31.3) (14.9, 7.7),
(-43.5, -16) (-3.5, -45.4) (27.8, 48.4) (33.5, -9.1) (40.4, 39.4),
(-7.5, 22.9) (10, -25.6),
(46, -25.2) (-3.6, 16.3),
(-31.5, -41.8) (45.1, 1.2) (12.7, 22.8) (-28.1, -3.8) (13.9, -31.1),
(-14.6, -9.1) (34.3, -1) (31.5, 26.9) (42.2, 18.4) (-22.2, -26.4),
(-6.1, 39) (49.2, -36.9) (-23.9, 7.9) (-42.4, 10.5) (41.9, 19.2),
(48.8, -48) (-0.4, 3.1) (1.8, -20.3),
(-27.2, -44.6) (-4.9, 39.9) (-49.3, -32.3) (-15.7, -14.8),
(-26.4, 40.7) (-9.9, 34.5) (49.5, 18.8) (25.4, 30.1) (-34.7, 49.3),
(-30.6, -15.3) (-22.8, -7.5) (19.4, 44.4) (-24.4, -48.5) (-40, -25.9),
(-17.4, -8.6) (30.1, 19) (-3.8, 17.5) (10.5, 38.6),
(-14.7, 5.6) (46.6, 11),
(24.2, -1.6) (-2.4, 14.1) (-3.7, -45.8),
(2.9, 9.5) (0.9, -10.1) (6.1, 19.5) (2.2, -37.4) (35.6, -41.3),
(-5.4, 45.2) (34.4, 28.1) (28.3, 8.7) (2.9, 49.5) (-4.5, 42.2),
(39.8, 45.8) (-1, 6.8) (40.4, 45.8) (35.6, 26.7) (14.8, -6),
(-27.9, 16.6) (-24.7, -28.9),
(-36.2, 40.5) (13.6, 42.3) (-42.7, -15.3) (30.2, -11.4),
(-37.5, 1.9) (30, 31) (26.4, -7.9),
(19.9, 44.9) (-17.5, -0.1) (-15.5, 29.9) (-17.3, 35.8),
(30, 37.9) (-4.8, -43.2) (8.1, 6.6) (-28.5, -35.1) (-8, -45.2),
(24.2, 43) (6.4, 26.2) (47.1, 46.8) (-15.2, 26.3) (24.5, -9.8),
(20.2, -3) (-32.5, -17.8) (45.9, -49.5),
(31.8, -6.5) (30.7, 5.5) (8.8, 0.4),
(16.2, 13.2) (4.6, -42.1) (-35, 33.7),
(48.1, -4.9) (36.5, -14.9) (37, 42.7),
(40.7, -37.2) (-19.3, -37) (33.3, 7.9) (-35.8, 24.7),
(-29, -44.1) (-22.3, 1.1),
(39.3, -42.4) (10.3, -35.5) (24.3, 12.7),
(-42.6, 5) (34, 45.2),
(29.1, 39.7) (32.6, 41),
(29.1, -38.2) (25.2, 45.1) (29.4, 46.9),
(46.1, 43.9) (48.9, 6.5) (-25, 4.8) (-4, -2.7),
(9.5, -30) (49.8, -7.9) (16.2, 31.2) (-16.3, 3.7),
(-6, 12.8) (-26.9, -3.6) (-29.7, 9.7) (9.7, 40.2),
(45.5, 6.6) (-36, -11) (25.1, 32.8) (-2.1, 48.2),
(30.8, -39.8) (-24, -41.7) (-20.8, -24.8) (30, 1.1),
(-12.2, -15.4) (-27.5, 40.5) (31, 49.3),
(-17.7, 23.7) (16.9, -22.8) (-47.5, -16.1) (17.9, -35.6),
(-17.4, -44.8) (-27, 14.2) (2.7, -48) (18.7, 1) (39.6, 25.2),
(-8.1, 30.2) (-35.4, 10.4) (20.8, -27.8),
(41.7, -5.2) (24.7, 41.2),
(49.5, -42.8) (-49, 44.1) (17.1, 18.2),
(33.5, 47.8) (23.1, 13.6) (-49.2, 37) (10, -6.3) (20.1, 16),
(-25.1, -35.6) (47.7, 0.9) (-17.9, -32.2),
(30.7, 22.9) (30.3, 47.9) (-16.3, 8) (-20.8, -6.6),
(36.4, -2.7) (28, -5.4) (-40.3, 11.6),
(39.1, 38.5) (1.3, 31.2) (11.2, 37.2),
(-28.5, 38.4) (-44.7, 31.4) (-11.6, -31.8),
(25.4, -42.1) (43.7, 38) (9.3, -36.8) (26.2, 26.5),
(-33.1, 46.4) (-40.4, 28.2) (-4.6, 37.7) (-27.2, 4.9),
(-40, -9.2) (6.4, 15.4) (-27.7, 33.9) (6.6, -20.1),
(-29, 39.8) (-35.9, -11.8) (-0.7, 15.2),
(-11.2, 33.5) (-26.4, 39.1) (-38.1, 5.6) (-37.2, -30.4) (-48.1, -0.1),
(21.3, -49.4) (-1.2, -45.5),
(-15.7, 14.7) (30.4, 35.4),
(-10.1, -46.8) (-19.7, -20.8) (37.2, -46.2) (0.3, -15.3) (-27.8, 25.5),
(25.8, -12.8) (35.3, -27.3) (-10.5, -46.4) (-15.6, 17.6) (-35.1, 49.8),
(-31.8, 32.7) (33.4, 31.1) (35.3, 32.5),
(-18.7, -38.8) (5.1, -9.1) (-39.8, 41.3),
(1.9, 31.7) (10.8, -2.1) (30.6, -25.9) (-25.9, 47.4),
(-31.3, -36.4) (21, 27.7) (-26.3, -0.8) (20.8, -8.7) (1.9, -41.6),
(36.8, 36.4) (16.8, 21.5),
(4.1, -43.6) (4.8, 25.3),
(46.6, -38) (-47.8, 28.1) (49.4, 2.6) (20.6, 47.2),
(-42.4, -25.5) (36.7, 13.2) (-24.3, 30.1) (11.3, -31.8) (32.6, -48),
(-2.7, 11.8) (-3, -1.1) (-7.5, 1) (-10.9, -12.5) (-48, -37.6),
(32.5, -0.7) (-1.4, 48.8) (-35.3, 40.7) (-44.5, 26.3) (23.5, -6.8),
(14.5, -7.5) (0.9, 37.5) (4.3, -37.6),
(14.2, -42.8) (-10.6, 6.6) (-47.1, 12.2) (-3.8, -42),
(-4.6, 27.1) (-39.3, 47.3) (6.2, -46.4),
(-30.8, 49.5) (45.6, -46.7) (-49.1, 8.2),
(-27.2, -3.6) (-3.4, 24.3) (-13.9, 30.5),
(-14.4, -7) (-21.1, -45.1) (-26.6, -12.2) (40.2, -3.7) (-6.9, -16.8),
(-24.6, -16.5) (18.6, 1) (-32.1, -28) (-41.3, 24.7) (24.8, 1.2),
(20.5, 8.2) (-49.1, -5.4) (-26.5, -17.1) (46.8, -37.3),
(38, -6.7) (-37.7, -13) (19.5, 17.7),
(-41.1, -45.8) (21.9, -24) (14.1, -38.1) (-25.8, 44),
(-16.8, -41.9) (25.3, -12.7) (6.8, -12.1) (-5.6, -31.1),
(-18.5, 34.9) (-23.2, 32.1) (-15.7, -40.8),
(-48.1, -13.1) (31.4, -39.5) (14.9, -3.4),
(42.7, 12.2) (35.8, -43.8) (18.6, 21.6),
(4, -0) (-4.5, -6.9) (47.9, -8.1) (49.7, -1.5),
(43.7, -12) (49.3, -19.9) (-39, 3.6) (6, 41.5),
(44.9, -39.9) (-49.4, -4.5) (12.6, 4) (-42.9, -30) (-49.4, -13.5),
(-34.8, 34.2) (42.3, -26.1) (-31.7, 1.5),
(-34.2, -19.5) (-41.5, -8.9) (-15.4, 37.1) (-48.7, -17.5),
(32.1, 49.3) (-7.4, -30.9) (-24.5, -15.7) (32.5, 2.6),
(-12.1, -3.9) (-35, -31.1),
(28.9, -4.4) (-36.4, -49) (43.5, 22),
(14.9, -38.8) (-44.1, -43.3),
(-45.1, -27.7) (13, 28.6) (-44.7, -21.2) (37.3, 37.2),
(-41.6, 35.8) (49.7, -45.6) (-38.6, 2.4) (-41.6, -4.4),
(8.1, 31.2) (-50, 47) (26.3, -11.5),
(-42.1, -42.2) (-8, -47.2),
(-37, -12.8) (-23.7, -21) (47, -42.8),
(-47.3, 24.3) (0.7, -35.2) (-5.5, -20.5) (-8, 23.3) (9.8, 9.4),
(-11.2, -23.2) (-27.1, 34.7) (47.8, -40),
(44.2, 27.5) (-4.3, -46) (0.4, -44.6) (-38.3, 38.5) (-23, -17.5),
(30, 26.9) (49.3, 11.3),
(39.9, -15) (47.3, 45.2) (-31.3, -13.8),
(38.2, -28.1) (27.4, 34.8) (14.3, 18.5) (22.2, -24.5),
(-21, -10.8) (44.3, -19.8) (-28.2, -39.2),
(-28.9, 14.6) (-32.8, 4.2),
(-39, -19.9) (-7.7, 3.3) (-39.3, -3.4) (34, -43.4) (-22.1, -49),
(-26.1, -44.2) (39.7, -40.1) (39.4, -11.7) (-28.9, -34.6) (-4.6, 27.1),
(-2.3, -3.9) (2.4, 36.2) (-47, -37.7) (23.3, -36.4) (27, 30),
(35.3, 32.9) (-29.9, -11.2) (-14.3, -20.5) (1, 28.4) (34.9, -43.4),
(-34.9, -31.1) (16.1, -33.8) (-26.6, -9.2) (-16.6, -10),
(3, 29.3) (34.2, -34.8) (20.3, 37.7) (6.4, -49.5) (43.4, -1.5),
(-24.4, -19.5) (29.8, -25.3) (-14, 34.2),
(45, -49.2) (-25.2, 36.7) (40.7, 1.6) (49.3, 33.9) (28.4, -41.3),
(-49.1, 49.9) (-42.1, -49.2) (-15.9, 20.3),
(-22, 25.7) (-10.3, -31.3),
(8.3, -40.6) (27.5, -49.6) (-29.2, -16.5),
(-22.3, 49.9) (-16.5, 33.8) (-6.8, 10.6),
(-42.2, 12.5) (39.2, -13.9) (37.4, -29.8) (-12.2, -3.6) (21.4, 36.7),
(-17.4, -20.7) (-28.8, 45.1) (34.2, 49.3),
(43.1, -17.8) (-5.6, -29) (31.7, 43.9),
